# T  poynt_z1  poynt_z2  poynt_x1  poynt_x2  poynt_y1  poynt_y2  P_out
    0   0.000000e+00   0.000000e+00   0.000000e+00   0.000000e+00   0.000000e+00   0.000000e+00   0.000000e+00
    1   0.000000e+00   0.000000e+00   0.000000e+00   0.000000e+00   0.000000e+00   0.000000e+00   0.000000e+00
    2   0.000000e+00   0.000000e+00   0.000000e+00   0.000000e+00   0.000000e+00   0.000000e+00   0.000000e+00
    3   0.000000e+00   0.000000e+00   0.000000e+00   0.000000e+00   0.000000e+00   0.000000e+00   0.000000e+00
    4   0.000000e+00   0.000000e+00   0.000000e+00   0.000000e+00   0.000000e+00   0.000000e+00   0.000000e+00
    5   0.000000e+00   0.000000e+00   0.000000e+00   0.000000e+00   0.000000e+00   0.000000e+00   0.000000e+00
    6   0.000000e+00   0.000000e+00   0.000000e+00   0.000000e+00   0.000000e+00   0.000000e+00   0.000000e+00
    7   0.000000e+00   0.000000e+00   0.000000e+00   0.000000e+00   0.000000e+00   0.000000e+00   0.000000e+00
    8   0.000000e+00   0.000000e+00   0.000000e+00   0.000000e+00   0.000000e+00   0.000000e+00   0.000000e+00
    9   0.000000e+00   0.000000e+00   0.000000e+00   0.000000e+00   0.000000e+00   0.000000e+00   0.000000e+00
   10   0.000000e+00   0.000000e+00   0.000000e+00   0.000000e+00   0.000000e+00   0.000000e+00   0.000000e+00
   11   0.000000e+00   0.000000e+00   0.000000e+00   0.000000e+00   0.000000e+00   0.000000e+00   0.000000e+00
   12   0.000000e+00   0.000000e+00   0.000000e+00   0.000000e+00   0.000000e+00   0.000000e+00   0.000000e+00
   13   0.000000e+00   0.000000e+00   0.000000e+00   0.000000e+00   0.000000e+00   0.000000e+00   0.000000e+00
   14   0.000000e+00   0.000000e+00   0.000000e+00   0.000000e+00   0.000000e+00   0.000000e+00   0.000000e+00
   15   0.000000e+00   0.000000e+00   0.000000e+00   0.000000e+00   0.000000e+00   0.000000e+00   0.000000e+00
   16   0.000000e+00   0.000000e+00   0.000000e+00   0.000000e+00   0.000000e+00   0.000000e+00   0.000000e+00
   17   0.000000e+00   0.000000e+00   0.000000e+00   0.000000e+00   0.000000e+00   0.000000e+00   0.000000e+00
   18   0.000000e+00   0.000000e+00   0.000000e+00   0.000000e+00   0.000000e+00   0.000000e+00   0.000000e+00
   19   0.000000e+00   0.000000e+00   0.000000e+00   0.000000e+00   0.000000e+00   0.000000e+00   0.000000e+00
   20   4.179555e-07   7.731807e-01   2.869974e-12   1.712378e-12   8.583683e-09   8.625465e-09   7.731812e-01
   21   2.431171e-07   7.666002e-01   2.474778e-12   6.277411e-13   5.657902e-09   5.685720e-09   7.666005e-01
   22   2.287619e-07   7.932082e-01   2.590990e-12   7.837016e-13   5.529111e-09   5.556315e-09   7.932084e-01
   23   2.250115e-07   8.195460e-01   2.556820e-12   1.017043e-12   5.549662e-09   5.576985e-09   8.195463e-01
   24   2.254267e-07   8.438952e-01   2.290486e-12   1.136382e-12   5.602601e-09   5.630181e-09   8.438954e-01
   25   2.284508e-07   8.658084e-01   1.945488e-12   1.078152e-12   5.661386e-09   5.689217e-09   8.658087e-01
   26   2.329487e-07   8.851793e-01   1.689018e-12   9.044560e-13   5.717502e-09   5.745557e-09   8.851796e-01
   27   2.386475e-07   9.020687e-01   1.510133e-12   7.598357e-13   5.768425e-09   5.796697e-09   9.020689e-01
   28   2.450699e-07   9.166316e-01   1.365801e-12   6.621290e-13   5.813196e-09   5.841683e-09   9.166319e-01
   29   2.515907e-07   9.290737e-01   1.260014e-12   5.792062e-13   5.851650e-09   5.880331e-09   9.290740e-01
   30   2.582631e-07   9.396297e-01   1.203207e-12   5.034510e-13   5.884320e-09   5.913165e-09   9.396300e-01
   31   2.647053e-07   9.485361e-01   1.165561e-12   4.452270e-13   5.911793e-09   5.940774e-09   9.485364e-01
   32   2.705974e-07   9.560194e-01   1.111262e-12   3.902288e-13   5.934724e-09   5.963817e-09   9.560197e-01
   33   2.762093e-07   9.622922e-01   1.051127e-12   3.389051e-13   5.953927e-09   5.983110e-09   9.622924e-01
   34   2.812250e-07   9.675412e-01   1.001869e-12   2.920931e-13   5.970072e-09   5.999332e-09   9.675415e-01
   35   2.855462e-07   9.719303e-01   9.528187e-13   2.591886e-13   5.983591e-09   6.012913e-09   9.719306e-01
   36   2.895242e-07   9.756027e-01   9.091776e-13   2.366709e-13   5.994825e-09   6.024197e-09   9.756030e-01
   37   2.928788e-07   9.786762e-01   8.753745e-13   2.131971e-13   6.004161e-09   6.033574e-09   9.786765e-01
   38   2.956841e-07   9.812513e-01   8.508039e-13   1.939920e-13   6.011944e-09   6.041392e-09   9.812516e-01
   39   2.982874e-07   9.834130e-01   8.371396e-13   1.787546e-13   6.018411e-09   6.047890e-09   9.834133e-01
   40   3.003921e-07   9.852289e-01   8.279273e-13   1.640969e-13   6.023856e-09   6.053361e-09   9.852292e-01
   41   3.021396e-07   9.867568e-01   8.127686e-13   1.470632e-13   6.028473e-09   6.058000e-09   9.867572e-01
   42   3.038043e-07   9.880453e-01   7.923582e-13   1.274069e-13   6.032340e-09   6.061885e-09   9.880456e-01
   43   3.050737e-07   9.891319e-01   7.730070e-13   1.088112e-13   6.035668e-09   6.065226e-09   9.891322e-01
   44   3.061374e-07   9.900499e-01   7.571315e-13   9.335335e-14   6.038518e-09   6.068087e-09   9.900502e-01
   45   3.071967e-07   9.908270e-01   7.444876e-13   8.126891e-14   6.040848e-09   6.070426e-09   9.908273e-01
   46   3.079431e-07   9.914842e-01   7.340700e-13   7.211736e-14   6.042824e-09   6.072411e-09   9.914845e-01
   47   3.085830e-07   9.920412e-01   7.256784e-13   6.435291e-14   6.044468e-09   6.074062e-09   9.920416e-01
   48   3.092665e-07   9.925140e-01   7.192050e-13   5.705209e-14   6.045803e-09   6.075406e-09   9.925143e-01
   49   3.096847e-07   9.929143e-01   7.132459e-13   5.016247e-14   6.047047e-09   6.076657e-09   9.929147e-01
